PERMX
6.353318390856156839e+02
6.597360892733378250e+02
6.838873792371391573e+02
7.075600317862515567e+02
7.304347296773096332e+02
7.520810752068788361e+02
7.722051799036377133e+02
7.903085457955697848e+02
8.059937980135888438e+02
8.188629925632588993e+02
8.284533432954173122e+02
8.343564046966416754e+02
8.362963225798770281e+02
8.339781167238662647e+02
8.271986802641526992e+02
8.158640831179021689e+02
8.000118686802787806e+02
7.797286818407529836e+02
7.552696949392043280e+02
7.270071860961282937e+02
6.953840052004773042e+02
6.609198828753879980e+02
6.242004833131807118e+02
5.858347089609436580e+02
5.464784288518637823e+02
5.067867077527000674e+02
4.672796288692037479e+02
4.285530145827040656e+02
3.910320629660949976e+02
3.551439695130925998e+02
3.211547510556649172e+02
2.893169195257624438e+02
2.597662605044376392e+02
2.325682295175656691e+02
2.077451439955884780e+02
1.852466389795180532e+02
1.649807871123250607e+02
1.468430413437754396e+02
1.306862834329636485e+02
1.163612403791310896e+02
1.037106652264207298e+02
9.257782965047347545e+01
8.280530281479428822e+01
7.424486380886588677e+01
6.676337921922461760e+01
6.023314893112692658e+01
5.453882742551851237e+01
4.957469350484436887e+01
4.525103302744125955e+01
4.148476570758416671e+01
6.557705664222548876e+02
6.820476851897363986e+02
7.081073501162134107e+02
7.337080539578830667e+02
7.585094860571026629e+02
7.820549805824447276e+02
8.040262355832394405e+02
8.238928244731821451e+02
8.412283750712508663e+02
8.556035458935858742e+02
8.665230229519370369e+02
8.735452823358261867e+02
8.763701057028631567e+02
8.746791667452826005e+02
8.682485496247120409e+02
8.569719269852716934e+02
8.408803433881477076e+02
8.200640492621090516e+02
7.947861245163641115e+02
7.654366067545860233e+02
7.324833234382572300e+02
6.964755368209002881e+02
6.580322877374504742e+02
6.178005939925731127e+02
5.764768142108791835e+02
5.347555241889758690e+02
4.931910444580822741e+02
4.524178805804532999e+02
4.128903557281635699e+02
3.750627227294902468e+02
3.392213202377590164e+02
3.056360051415228440e+02
2.744535143000589983e+02
2.457464182928762000e+02
2.195401235565608715e+02
1.957839168324957768e+02
1.743819450470873846e+02
1.552251481481862356e+02
1.381590046193796866e+02
1.230267709605612225e+02
1.096628647840771862e+02
9.790193802650863120e+01
8.757821119990765624e+01
7.853513345201056950e+01
7.063208492475216360e+01
6.373438381457853552e+01
5.772024196846331989e+01
5.247794727430068207e+01
4.791277406985493315e+01
4.393688631073788287e+01
6.774967701364309960e+02
7.057555274725602885e+02
7.338338081213277064e+02
7.614729271260222276e+02
7.883100687338142052e+02
8.138604427431949944e+02
8.377795651882031507e+02
8.595030257399273523e+02
8.785735259217436806e+02
8.945284941847796745e+02
9.068382251545889403e+02
9.150263571146334698e+02
9.187671148122556133e+02
9.177179346439472738e+02
9.116333834394530413e+02
9.003946058605589542e+02
8.840263394466785485e+02
8.626235063866795372e+02
8.364581148495999514e+02
8.059394944272754628e+02
7.715624493612946253e+02
7.339079152661912531e+02
6.936304194752341346e+02
6.514174846277636561e+02
6.080083257684880209e+02
5.641389564051002026e+02
5.203998561840908224e+02
4.774659743155539786e+02
4.358222060003316187e+02
3.959508639733705309e+02
3.581594846921831277e+02
3.227357917473532325e+02
2.898377640396057018e+02
2.595452381488142350e+02
2.318865664270451532e+02
2.068104570887576870e+02
1.842167730409096293e+02
1.639915360074760144e+02
1.459723364000397225e+02
1.299944684760582447e+02
1.158835436875255880e+02
1.034650778165738672e+02
9.256450512578578582e+01
8.301649346078956171e+01
7.467253625266302208e+01
6.739061179593157647e+01
6.104217310248181150e+01
5.550922118957400642e+01
5.069176125070902117e+01
4.649697367462018605e+01
7.004245137820231548e+02
7.307779414285113262e+02
7.609893039256451175e+02
7.907812271688268311e+02
8.197667422333419154e+02
8.474309315273810626e+02
8.734012024861578993e+02
8.970769925965009861e+02
9.179680268501238061e+02
9.355766046317497739e+02
9.493367269246516571e+02
9.587354480344017702e+02
9.634202794268444450e+02
9.630236423857933232e+02
9.572780316884503691e+02
9.460521117737636132e+02
9.293647137106810305e+02
9.073167703231330279e+02
8.801904592971300190e+02
8.484161647918191420e+02
8.125178802401086386e+02
7.731105454147671026e+02
7.308864052083921479e+02
6.865759786275310717e+02
6.409637312677959926e+02
5.948290040483873327e+02
5.488003267659806852e+02
5.035947223669643336e+02
4.597290063964991305e+02
4.177143854245551893e+02
3.778803332003888613e+02
3.405327933867857269e+02
3.058411363031746646e+02
2.738924923602006629e+02
2.447178904235268249e+02
2.182651375801273446e+02
1.944293842821673195e+02
1.730912690375629381e+02
1.540799742551147062e+02
1.372223159212963139e+02
1.223346213363988824e+02
1.092327533284627918e+02
9.773293370001147196e+01
8.766061521825203329e+01
7.885902149272990869e+01
7.117845441908769999e+01
6.448331628710205621e+01
5.864905000350898945e+01
5.357015414944719822e+01
4.914862057569022369e+01
7.245060424497772829e+02
7.570673358754738729e+02
7.895259445782414787e+02
8.215841363390694596e+02
8.528290152204406240e+02
8.827133989877363547e+02
9.108345416132266337e+02
9.365534916487025612e+02
9.593448876547702184e+02
9.786740071550395896e+02
9.939367115722827748e+02
1.004581847763112137e+03
1.010229201002682657e+03
1.010485634559916889e+03
1.005061296871893319e+03
9.938127150999781634e+02
9.767535383814122270e+02
9.539924134695512521e+02
9.258232345407524235e+02
8.926994836419323747e+02
8.551767993608414145e+02
8.139066475701205263e+02
7.696213225476128628e+02
7.230968862147905156e+02
6.751654000112131371e+02
6.266512982016710112e+02
5.782229309069340388e+02
5.306407782107776256e+02
4.844547230724278961e+02
4.402054225881420280e+02
3.982447980668848686e+02
3.588971051099541683e+02
3.223430404631407100e+02
2.886768692084082204e+02
2.579318503978414014e+02
2.300544376771714781e+02
2.049345479882396432e+02
1.824468943980991469e+02
1.624116909662162982e+02
1.446467351122342677e+02
1.289585911923178116e+02
1.151529624329251078e+02
1.030364562869587530e+02
9.242490961821543749e+01
8.315292564417069343e+01
7.506283070510166056e+01
6.801172403000666122e+01
6.186825945579924735e+01
5.652122457305792835e+01
5.186725379561563898e+01
7.496606255199982343e+02
7.845469279850434532e+02
8.193707373118658097e+02
8.538120767056248042e+02
8.874301624387688889e+02
9.196432027830211382e+02
9.500160496309785003e+02
9.778689651433790004e+02
1.002639234738420896e+03
1.023753133413072192e+03
1.040566491998159108e+03
1.052488366294714069e+03
1.059109867533717306e+03
1.060011932485477246e+03
1.054882330293967698e+03
1.043566068566935428e+03
1.026072667869357929e+03
1.002520584786399695e+03
9.732173282579319675e+02
9.386418798925659530e+02
8.993842980149305504e+02
8.561353848524099703e+02
8.096700127569902179e+02
7.608124858006347040e+02
7.104448456031595924e+02
6.594383494631040321e+02
6.085028816448368616e+02
5.584435686178334208e+02
5.098443443368948920e+02
4.632756225050811736e+02
4.191120578580193978e+02
3.776960474017616320e+02
3.392193234910250794e+02
3.037829179472770420e+02
2.714216745709816223e+02
2.420800853391556871e+02
2.156421917754073831e+02
1.919761372945846460e+02
1.708925425872322137e+02
1.521996004500342963e+02
1.356936133171244876e+02
1.211696136463007036e+02
1.084242035394385226e+02
9.726322678580669390e+01
8.751234057149856937e+01
7.900562805375049891e+01
7.159266829765591922e+01
6.513513319014616343e+01
5.951592640665595724e+01
5.462619180002198505e+01
7.757203991650814032e+02
8.130425268491999304e+02
8.503427844229244101e+02
8.872769480364298715e+02
9.233743246470464783e+02
9.580161177809529818e+02
9.907324720164915561e+02
1.020800502181366937e+03
1.047617896082506832e+03
1.070570046057595846e+03
1.088971023793429822e+03
1.102188739047388253e+03
1.109784900504517964e+03
1.111314462226669775e+03
1.106443133086072066e+03
1.095005352752666113e+03
1.077007907942510656e+03
1.052581515171394358e+03
1.022049457007520232e+03
9.859188265327672980e+02
9.448170162989578102e+02
8.994770421247908416e+02
8.507188445893600601e+02
7.994175664685689071e+02
7.465073921282933043e+02
6.929078520729821093e+02
6.393718082533355300e+02
5.867498225643116712e+02
5.356605434924329074e+02
4.867040663586474238e+02
4.402777573519558700e+02
3.967416622998834441e+02
3.562980093581653591e+02
3.190540233412219777e+02
2.850453105172344976e+02
2.542136784345887861e+02
2.264365846776240403e+02
2.015749132078948094e+02
1.794290654532429699e+02
1.597970605465502558e+02
1.424644793771127809e+02
1.272152264546109421e+02
1.138355700165270008e+02
1.021210556783725707e+02
9.188813556083992751e+01
8.296244992175350319e+01
7.518590751195552002e+01
6.841307075311512165e+01
6.252084075496700422e+01
5.739479269019831520e+01
8.025770426897964853e+02
8.424447475581755498e+02
8.823311698545040827e+02
9.218656239042337575e+02
9.605453125667280574e+02
9.977118604568381670e+02
1.032858231963234630e+03
1.065215935978128982e+03
1.094140728648309732e+03
1.118975243665211110e+03
1.138990129697117936e+03
1.153510965218733872e+03
1.162069517294184834e+03
1.164195012583252037e+03
1.159531806304345309e+03
1.147905124325274528e+03
1.129320865818685434e+03
1.103924935829343895e+03
1.072058975896833090e+03
1.034261196124002936e+03
9.911995519441697979e+02
9.436524023450846244e+02
8.924873834755327380e+02
8.386331264523405480e+02
7.830780278165332220e+02
7.267911750826663138e+02
6.705696535465863235e+02
6.153098927596514613e+02
5.616656142705719503e+02
5.102661343298424299e+02
4.615311650979362526e+02
4.158375408451962016e+02
3.733971385406363765e+02
3.343225274994953793e+02
2.986490104968834203e+02
2.663148045456795785e+02
2.371899426596283149e+02
2.111272567630636274e+02
1.879162483436210493e+02
1.673441660425073678e+02
1.491854102056038585e+02
1.332123243654316695e+02
1.192005510438898597e+02
1.069350865983706882e+02
9.622297128496285268e+01
8.688126087897875038e+01
7.874410299875408725e+01
7.165888502080967726e+01
6.549643845080370852e+01
6.013674668945082402e+01
8.300154329851553712e+02
8.725273090178759503e+02
9.150980243916178551e+02
9.573281211292653552e+02
9.986804712330969096e+02
1.038454531002189015e+03
1.076103594722697835e+03
1.110811192037992896e+03
1.141888885307005694e+03
1.168634833636371241e+03
1.190274825047483318e+03
1.206091234098424138e+03
1.215585629085122264e+03
1.218262145541727477e+03
1.213744920384003308e+03
1.201851713101579890e+03
1.182589778406961841e+03
1.156123515835198532e+03
1.122815798666021465e+03
1.083239170488503987e+03
1.038105486623659772e+03
9.882416051775887809e+02
9.345653906203800716e+02
8.780614307741800530e+02
8.197740801860919646e+02
7.607229023084964865e+02
7.017500808727504591e+02
6.437978364125270900e+02
5.875549050541400220e+02
5.336788981409358712e+02
4.826111197926613841e+02
4.347439443270539527e+02
3.902977504259016541e+02
3.493893518931920994e+02
3.120524806083818703e+02
2.782207255491228466e+02
2.477557811509963699e+02
2.205015910738470097e+02
1.962360846436000656e+02
1.747351733625120005e+02
1.557616736472648142e+02
1.390760110858345229e+02
1.244429925849969862e+02
1.116369091401397924e+02
1.004552707267919374e+02
9.070649489933508391e+01
8.221696296997835418e+01
7.482690547953497173e+01
6.840108793245136098e+01
6.281394904321555828e+01
8.578546405081247030e+02
9.031007588230846750e+02
9.484447821891462809e+02
9.934560230280587803e+02
1.037560711213474633e+03
1.080013471328846435e+03
1.120225376783673482e+03
1.157329647349735069e+03
1.190591435976804178e+03
1.219262852856018299e+03
1.242523615129791551e+03
1.259612345330826429e+03
1.270000471505372161e+03
1.273168100619437610e+03
1.268720774527781714e+03
1.256470991565171289e+03
1.236430081939506636e+03
1.208784687340502842e+03
1.173922146079161394e+03
1.132452837394286917e+03
1.085136005942380962e+03
1.032850232494101192e+03
9.765660831245480722e+02
9.173263992150164086e+02
8.562329155769039062e+02
7.943562305725441774e+02
7.325841079773376805e+02
6.719039548002210722e+02
6.130390210649168239e+02
5.566738060036848310e+02
5.032700350627691250e+02
4.532339708151491209e+02
4.067930303409617636e+02
3.640669052119062599e+02
3.250862829320128640e+02
2.897789487262066928e+02
2.579972672401984823e+02
2.295754153869957292e+02
2.042790850607435118e+02
1.818723175606276357e+02
1.621059973035437736e+02
1.447283552899337167e+02
1.294932342051430965e+02
1.161641606949479808e+02
1.045290851884346068e+02
9.438782209591802541e+01
8.555906528580960924e+01
7.787599043899224682e+01
7.119737036546185038e+01
6.539221527692602365e+01
8.858192778495242692e+02
9.338716068146550242e+02
9.820591014030309225e+02
1.029917339232931909e+03
1.076833622538077179e+03
1.122015154193671378e+03
1.164828308800708101e+03
1.204353878012878340e+03
1.239808584194153354e+03
1.270397226735664617e+03
1.295252625407657661e+03
1.313569593402072087e+03
1.324789911359833013e+03
1.328371248400628929e+03
1.323902748910038099e+03
1.311194357880223833e+03
1.290264679897633641e+03
1.261326744311049652e+03
1.224795878715878644e+03
1.181323963798178738e+03
1.131721130053552088e+03
1.076920798016030176e+03
1.017948460857863097e+03
9.559071420860068429e+02
8.919568462715012629e+02
8.272192162552581749e+02
7.626275149064937295e+02
6.992130381723490018e+02
6.377324730149377956e+02
5.788952091407912803e+02
5.231817268428860643e+02
4.710100621583678162e+02
4.226128563377296814e+02
3.781110291541747301e+02
3.375305453674917544e+02
3.007920905042862501e+02
2.677376569935033785e+02
2.381907655792211642e+02
2.119042522197333369e+02
1.886298284108598580e+02
1.681061945071366779e+02
1.500692318789416220e+02
1.342618109882582473e+02
1.204367695678482590e+02
1.083725923725217228e+02
9.786064555953325339e+01
8.871212687901044092e+01
8.075336824438154792e+01
7.383731529226812995e+01
6.782775518481271604e+01
9.137219968314020662e+02
9.646392943025894056e+02
1.015726466230134633e+03
1.066482742007530533e+03
1.116254170582315965e+03
1.164197922482479726e+03
1.209633196268527399e+03
1.251586345024838238e+03
1.289223762656296458e+03
1.321701892421466937e+03
1.348106139862569080e+03
1.367587862998290802e+03
1.379560080393365297e+03
1.383460103684173419e+03
1.378863429804166344e+03
1.365580657893577154e+03
1.343641375942422883e+03
1.313289573836920681e+03
1.274972445722065231e+03
1.229387289232869762e+03
1.177398705350685304e+03
1.119998059224890767e+03
1.058267862769032035e+03
9.933729731936786038e+02
9.265321289271489604e+02
8.589175889212973516e+02
7.915075430180239664e+02
7.253752779578020409e+02
6.613093216373630412e+02
6.000414319631090621e+02
5.420687149055576128e+02
4.878184367641533186e+02
4.375263174398261299e+02
3.913125738429801004e+02
3.491965705777985818e+02
3.110904656694965524e+02
2.768247700504958857e+02
2.462114313868758018e+02
2.189898355236679208e+02
1.948989554479713888e+02
1.736651259933009896e+02
1.550118229935093552e+02
1.386710320829134275e+02
1.243850896390696334e+02
1.119232117966538311e+02
1.010685717094650613e+02
9.162515638683289865e+01
8.341275786864612485e+01
7.627873898608608272e+01
7.008194526959672999e+01
9.412105209878839105e+02
9.950247698793436939e+02
1.049040175551416496e+03
1.102717072098533436e+03
1.155358090603717073e+03
1.206067988462271842e+03
1.254116547488637252e+03
1.298474068819489275e+03
1.338255099440776121e+03
1.372567165792985406e+03
1.400448316567530583e+03
1.421007460833036248e+03
1.433630303509413807e+03
1.437736499243914295e+03
1.432891278888085253e+03
1.418909613883321526e+03
1.395836219321450471e+03
1.363950889861763017e+03
1.323736715593300460e+03
1.275940294266943283e+03
1.221484045264830456e+03
1.161420017159386134e+03
1.096889333946490069e+03
1.029119695414746730e+03
9.593882524651259018e+02
8.889167041131310043e+02
8.187268407349421295e+02
7.499312089912484680e+02
6.833478953837164909e+02
6.197278670302091541e+02
5.595822001344615728e+02
5.033444034802643614e+02
4.512508143687584834e+02
4.034187828367234943e+02
3.598590691359456741e+02
3.204738322366530952e+02
2.850810197603755114e+02
2.534801584946379478e+02
2.253967109022227646e+02
2.005566463465862057e+02
1.786739065592510940e+02
1.594596841793789679e+02
1.426353307401098789e+02
1.279330410234738906e+02
1.151131150852213381e+02
1.039509334981597135e+02
9.424368857090192364e+01
8.580506124945709701e+01
7.847718094450651449e+01
7.211433074981849245e+01
9.680178575889459580e+02
1.024738593466651764e+03
1.081687516435378257e+03
1.138283566170299764e+03
1.193783915636882284e+03
1.247238712309507036e+03
1.297866278577230560e+03
1.344579586109156708e+03
1.386440149113381040e+03
1.422506441521604756e+03
1.451769712347907671e+03
1.473298014978525089e+03
1.486451696761519543e+03
1.490636003690987991e+03
1.485409855122770068e+03
1.470596763218949263e+03
1.446261113406447294e+03
1.412723572467072472e+03
1.370507286325590712e+03
1.320412011948481904e+03
1.263421106719781164e+03
1.200649697848049527e+03
1.133298672885961196e+03
1.062658996227583657e+03
9.900652122413282541e+02
9.167866374682563446e+02
8.438866656434539664e+02
7.725136617914037060e+02
7.035123928807479388e+02
6.376493500998777790e+02
5.754464817024826289e+02
5.173401930238461546e+02
4.635647311697701980e+02
4.142322323715195580e+02
3.693427692908495032e+02
3.287870114277116045e+02
2.923693026506953174e+02
2.598759771769226745e+02
2.310182165462462933e+02
2.055088533913720141e+02
1.830495457986507120e+02
1.633394822662938282e+02
1.460897701217251097e+02
1.310229690278490295e+02
1.178909463618424951e+02
1.064618107237870674e+02
9.652648293108407529e+01
8.789306258256549143e+01
8.039888076074839773e+01
7.389411533036776802e+01
9.938586941430706929e+02
1.053463995547896275e+03
1.113318773433883507e+03
1.172798218036366507e+03
1.231112242331643074e+03
1.287254528080200316e+03
1.340390270456612825e+03
1.389374373175045775e+03
1.433214687637589577e+03
1.470921153777433801e+03
1.501439533410974718e+03
1.523799439644185213e+03
1.537338544452336009e+03
1.541451673451280158e+03
1.535696116419838063e+03
1.519908659883498331e+03
1.494178355790388878e+03
1.458872013643523132e+03
1.414557076731297229e+03
1.362090164701725371e+03
1.302518293882475064e+03
1.237021516854242009e+03
1.166860960556220789e+03
1.093390437462940554e+03
1.017999909986379407e+03
9.420036104983488485e+02
8.665036447362924719e+02
7.926798513665452219e+02
7.214000408738598935e+02
6.534418972339302627e+02
5.893346085747631378e+02
5.295137202690216327e+02
4.742084070379766558e+02
4.235230566010905591e+02
3.774449132596594154e+02
3.358516821036493525e+02
2.985331464286002756e+02
2.652618024968867871e+02
2.357343624686394605e+02
2.096505756522877846e+02
1.867001125609231167e+02
1.665706437437457623e+02
1.489636048736145710e+02
1.335926134175602442e+02
1.202017542036668942e+02
1.085525361687787580e+02
9.843026487422545756e+01
8.963811226408118671e+01
8.200915193137034009e+01
7.539000762366291042e+01
1.018396480121661511e+03
1.080833989046827355e+03
1.143535648498408818e+03
1.205830748415751714e+03
1.266880441937646083e+03
1.325620473070330263e+03
1.381161638744276843e+03
1.432300586346246064e+03
1.477991408807723019e+03
1.517196636104026766e+03
1.548818521573354019e+03
1.571851364702736191e+03
1.585613428350287450e+03
1.589493670131178078e+03
1.583052960227095355e+03
1.566146450206642157e+03
1.538893093524125334e+03
1.501711095441171210e+03
1.455216324590011936e+03
1.400325657768783685e+03
1.338151952358202834e+03
1.269941385794638336e+03
1.197015093442503485e+03
1.120788472122945450e+03
1.042704026185682096e+03
9.641174217491477521e+02
8.861658006036602728e+02
8.100553881335630422e+02
7.366727894855362138e+02
6.668020795615988163e+02
6.009756745189552021e+02
5.396242483547086977e+02
4.829687792414946443e+02
4.311032957775379941e+02
3.840001128581712919e+02
3.415225807665158300e+02
3.034450994003599362e+02
2.695258399364125808e+02
2.394470428458539288e+02
2.128956170197264726e+02
1.895497216215579499e+02
1.690861870908652520e+02
1.511975139127735304e+02
1.355892321328336436e+02
1.219984371005328967e+02
1.101808374309575527e+02
9.991688808936771693e+01
9.100558773161759518e+01
8.327637824552977008e+01
7.657295483173354000e+01
1.041341320952709111e+03
1.106525745035623686e+03
1.171981195833164747e+03
1.236989198897018923e+03
1.300661017635416783e+03
1.361873472291126518e+03
1.419682202988008839e+03
1.472826066062904601e+03
1.520205961496575128e+03
1.560738842695996937e+03
1.593286211457463878e+03
1.616810965137519815e+03
1.630615884194104410e+03
1.634089196282780449e+03
1.626801091097203880e+03
1.608630503845301291e+03
1.579731696845326269e+03
1.540579393661535278e+03
1.491841793507530383e+03
1.434498964853551797e+03
1.369731110965097969e+03
1.298850934903731968e+03
1.223238508743920875e+03
1.144368577178875057e+03
1.063732324353522245e+03
9.827225203882584310e+02
9.025068367807776895e+02
8.243120607559237669e+02
7.490387360459135380e+02
6.774721031043591211e+02
6.101434598879286568e+02
5.474744173987446629e+02
4.896745554996469991e+02
4.368249281858555833e+02
3.888809314421936847e+02
3.456903185228683810e+02
3.070114701354158342e+02
2.725879533947744449e+02
2.420877576106772722e+02
2.151854151222022153e+02
1.915482517303379666e+02
1.708431428161601104e+02
1.527545624570065286e+02
1.369809729863634971e+02
1.232534174938330693e+02
1.113227281712734964e+02
1.009653779260029864e+02
9.197703962234569985e+01
8.418422860491311610e+01
7.742840288763983381e+01
1.062404174311022871e+03
1.130214064694353965e+03
1.198292858040110104e+03
1.265872843813020381e+03
1.332014746469925285e+03
1.395536084556503056e+03
1.455437211909772941e+03
1.510400429634933971e+03
1.559274776236307616e+03
1.600934257830128900e+03
1.634203215088721436e+03
1.658017871202519245e+03
1.671670101830493650e+03
1.674553080264911159e+03
1.666252489989550213e+03
1.646676679332209915e+03
1.616020650666940810e+03
1.574820452081838766e+03
1.523800116505478400e+03
1.464005200270289379e+03
1.396683900396394847e+03
1.323214895600437558e+03
1.245035161279262866e+03
1.163675490620020355e+03
1.080670854737682021e+03
9.974459408269493679e+02
9.151936264974231108e+02
8.351547617282690226e+02
7.582384320905719051e+02
6.852254861781294721e+02
6.166415188656397959e+02
5.528948052698707443e+02
4.941803429319947440e+02
4.405636730801714407e+02
3.919814744220946636e+02
3.482648679401210643e+02
3.091558154122723749e+02
2.743832452840488827e+02
2.436013650141559026e+02
2.164730298852651913e+02
1.926556202156944551e+02
1.718071476952780756e+02
1.536051377374605238e+02
1.377421608482258932e+02
1.239442793614360596e+02
1.119584862932543103e+02
1.015582333253035614e+02
9.253679540488818134e+01
8.471853510354259242e+01
7.794341940955540338e+01
1.081327818686671208e+03
1.151608946532413711e+03
1.222146755387037956e+03
1.292123226438148322e+03
1.360548379480113681e+03
1.426180658711387423e+03
1.487965633610490841e+03
1.544531041395492366e+03
1.594676147350278143e+03
1.637235400695991757e+03
1.671000366017500710e+03
1.694886068360595800e+03
1.708178655713446915e+03
1.710282376137649180e+03
1.700804919802104223e+03
1.679689798094827211e+03
1.647178107104594574e+03
1.603871610022989671e+03
1.550553191567676095e+03
1.488335491547798711e+03
1.418534448455765414e+03
1.342593191570064164e+03
1.262002613652541868e+03
1.178345222419115089e+03
1.093193922184101893e+03
1.007999356872033218e+03
9.239735580378340956e+02
8.423643894595783195e+02
7.640836428006878123e+02
6.899020093878102671e+02
6.203346555500606883e+02
5.557722714045779639e+02
4.963921836663704994e+02
4.422420299181967493e+02
3.932382173935702667e+02
3.491944447956469730e+02
3.098361132818928922e+02
2.748777343672256848e+02
2.439604533106405313e+02
2.167363770271247176e+02
1.928540253770938193e+02
1.719638260062283734e+02
1.537375837782506096e+02
1.378632851784107629e+02
1.240631968902997642e+02
1.120816022795660132e+02
1.016899638715503613e+02
9.268014725646312968e+01
8.487518787831325540e+01
7.811434551064311904e+01
1.097839770495481162e+03
1.170399211976849301e+03
1.243191766460699228e+03
1.315348608958913701e+03
1.385829544718350235e+03
1.453334985360696010e+03
1.516757056896662561e+03
1.574671874570998398e+03
1.625831967964640171e+03
1.669036538203376494e+03
1.703049677450625495e+03
1.726771508958090408e+03
1.739488245724993476e+03
1.740621746072541328e+03
1.729808445245141684e+03
1.707032728676865645e+03
1.672586853681826369e+03
1.627142010289518112e+03
1.571542214798945906e+03
1.506967797569880986e+03
1.434801035727587532e+03
1.356546768252755555e+03
1.273745680163083762e+03
1.188026467946016055e+03
1.100993069391723338e+03
1.014115302958875986e+03
9.286175728670693843e+02
8.457472097567730316e+02
7.664125070898978720e+02
6.913681258804027721e+02
6.211140473910658102e+02
5.560192707210112530e+02
4.962405708948086271e+02
4.418055423967423394e+02
3.926091079906867662e+02
3.484470770623548788e+02
3.090284721750955441e+02
2.740539175042704301e+02
2.431525026052389080e+02
2.159667707778627062e+02
1.921376818561063828e+02
1.713095539079188256e+02
1.531498530025449156e+02
1.373434191468322467e+02
1.236100166564373239e+02
1.116924335127829835e+02
1.013612393946321362e+02
9.240792965410567206e+01
8.465508165775936789e+01
7.794206075805463740e+01
1.111773648823082567e+03
1.186388974608725221e+03
1.261201531322582241e+03
1.335291689729123846e+03
1.407570087506734581e+03
1.476680834960129005e+03
1.541464659305639316e+03
1.600449783024186672e+03
1.652345821785659609e+03
1.695921769135402656e+03
1.729920270060227267e+03
1.753233451518034144e+03
1.765153839549543591e+03
1.765127670977127536e+03
1.752826940684570673e+03
1.728282481144973644e+03
1.691842421331971309e+03
1.644250403074121550e+03
1.586413147420995983e+03
1.519578398120667998e+03
1.445192357417038465e+03
1.364817806767857974e+03
1.280040168352279125e+03
1.192527857950680527e+03
1.103908171192860891e+03
1.015662744640808000e+03
9.290210782138636887e+02
8.452221679618400003e+02
7.651644191140920839e+02
6.895806431462737009e+02
6.189509688395924059e+02
5.536188335975637074e+02
4.937178359852974268e+02
4.392536659213762960e+02
3.900988858359249889e+02
3.460312474584408733e+02
3.067438592195618412e+02
2.719242443765662074e+02
2.411906742259485839e+02
2.141775069693703131e+02
1.905195978511920316e+02
1.698567639333001580e+02
1.518536131994143545e+02
1.361933521410049650e+02
1.225945974351217984e+02
1.107998996419992039e+02
1.005800581570309049e+02
9.172725503010411785e+01
8.406449450827271619e+01
7.743206461058311163e+01
1.122966901191775833e+03
1.199385824444849959e+03
1.275953115041212868e+03
1.351698990266008650e+03
1.425486674105532757e+03
1.495906544511344691e+03
1.561750829388700140e+03
1.621504482577117642e+03
1.673838907089535951e+03
1.717498699122050994e+03
1.751211785761852525e+03
1.773869731382691498e+03
1.784777944806704454e+03
1.783413841692708957e+03
1.769491596515736546e+03
1.743093630977603198e+03
1.704627968403718114e+03
1.654912702142075432e+03
1.594917806607750890e+03
1.525956977317484416e+03
1.449536692748725272e+03
1.367272698127474314e+03
1.280789066791720415e+03
1.191786484270445271e+03
1.101907211394697470e+03
1.012636870905678052e+03
9.252024357591402577e+02
8.408267213157135984e+02
7.603918819086846952e+02
6.846033492610298481e+02
6.139170412819358944e+02
5.486474120250364876e+02
4.889027031607736262e+02
4.346652802917430449e+02
3.857849385688581378e+02
3.420216045071247208e+02
3.030532918667762488e+02
2.685555193646335397e+02
2.381372318169856896e+02
2.114261856981783581e+02
1.880527397388763973e+02
1.676539347181310973e+02
1.498930784431605332e+02
1.344533031075463896e+02
1.210534645755299863e+02
1.094371449782142776e+02
9.937649322908953309e+01
9.066542096600738887e+01
8.312823293880703091e+01
7.660693423593635032e+01
1.131320211525167451e+03
1.209263158816132773e+03
1.287291591886499646e+03
1.364386845265870761e+03
1.439367145085833727e+03
1.510772524368824634e+03
1.577350438259575185e+03
1.637548070979475369e+03
1.690004185394195929e+03
1.733445554140826744e+03
1.766592823249335197e+03
1.788344944538041545e+03
1.798027123947633982e+03
1.795154807340172283e+03
1.779490798726033063e+03
1.751173851571628802e+03
1.710675275271929877e+03
1.658888648274177740e+03
1.596846796765275485e+03
1.525926807664234047e+03
1.447690645689638586e+03
1.363800936286660999e+03
1.275913377791457606e+03
1.185752595326226128e+03
1.094966795910052497e+03
1.005037344490107330e+03
9.171807785524631527e+02
8.325958808158455895e+02
7.521422359909525994e+02
6.764926487359301746e+02
6.060747611774062307e+02
5.411710403416100235e+02
4.818625894495904731e+02
4.281074259142610003e+02
3.797325867175222243e+02
3.364807512575557666e+02
2.980159665266564843e+02
2.640031017186996110e+02
2.340434836780841295e+02
2.077600167966604658e+02
1.847802954689493333e+02
1.647403984661866900e+02
1.473039518326184236e+02
1.321556033302090896e+02
1.190158556761922881e+02
1.076305966838250754e+02
9.777443702246161195e+01
8.924404488858080242e+01
8.186588698301919464e+01
7.548445779125974298e+01
1.136843784924923966e+03
1.216016162941207540e+03
1.295196977106408212e+03
1.373320528375374124e+03
1.449163042031782652e+03
1.521218258910568466e+03
1.588193260523063827e+03
1.648503586353481751e+03
1.700761534017152144e+03
1.743683072265184819e+03
1.775989329536731475e+03
1.796594717375485743e+03
1.804851110397812363e+03
1.800318506188260017e+03
1.782814239869641142e+03
1.752537455243144905e+03
1.710025256778940957e+03
1.656246653667447390e+03
1.592295926338539402e+03
1.519609959138912245e+03
1.439800457505193208e+03
1.354570001302566652e+03
1.265598280621678441e+03
1.174625053995141343e+03
1.083295289470561784e+03
9.930778720443503289e+02
9.051711342974364243e+02
8.207423941082603278e+02
7.406227484926665738e+02
6.654477130972121586e+02
5.956131194585890398e+02
5.313670430583691768e+02
4.727621815951581539e+02
4.197316436594715583e+02
3.720801433674648706e+02
3.295340170481042037e+02
2.917447237113369738e+02
2.583680275908575368e+02
2.289994707456674234e+02
2.032589280040448898e+02
1.807729899947745196e+02
1.611785797187554010e+02
1.441412299820068199e+02
1.293486392653671828e+02
1.165243089390471454e+02
1.054176416647849521e+02
9.580675472641425472e+01
8.749202969827832987e+01
8.030289811553288359e+01
7.408705471720392666e+01
1.139565510092468912e+03
1.219656738275570206e+03
1.299664523351854768e+03
1.378478568955393712e+03
1.454836705113106973e+03
1.527191165407046583e+03
1.594213792108599364e+03
1.654295322991172270e+03
1.706028481630197120e+03
1.748125996507259060e+03
1.779317695773721198e+03
1.798541733436511777e+03
1.805183602084760423e+03
1.798854119628361332e+03
1.779430576207336799e+03
1.747175918576914228e+03
1.702694710220710476e+03
1.647030255427483553e+03
1.581335883268315911e+03
1.507103616553414668e+03
1.425988167745639203e+03
1.339724251139929265e+03
1.250007251172997940e+03
1.158582719814952043e+03
1.067082974370136981e+03
9.769561484755778338e+02
8.893746886973367509e+02
8.054673777775273038e+02
7.260312575925825058e+02
6.516604303486705021e+02
5.827158797503514052e+02
5.194094514450426914e+02
4.617646608671802824e+02
4.096895994649837576e+02
3.629675099922743016e+02
3.213096104854292321e+02
2.843564085201983858e+02
2.517563025253188016e+02
2.231010198667219697e+02
1.980093125906709872e+02
1.761085725851980897e+02
1.570383782779817921e+02
1.404677445040582882e+02
1.260889141687316055e+02
1.136296961935688046e+02
1.028441650678313408e+02
9.351493343390372104e+01
8.544699195640825451e+01
7.847349013554703845e+01
7.244597809040530478e+01
1.139512436300371746e+03
1.220202513504178341e+03
1.300702926225625333e+03
1.379861848501386248e+03
1.456382927614688924e+03
1.528682353814829639e+03
1.595402509683650123e+03
1.654916721031077941e+03
1.705805520790250512e+03
1.746786241019270847e+03
1.776605731132915480e+03
1.794234012469743220e+03
1.799096815912834472e+03
1.790861411565195340e+03
1.769469592522807034e+03
1.735250543995855196e+03
1.688876809452272482e+03
1.631463593619859694e+03
1.564219742051993308e+03
1.488686685784319707e+03
1.406554515463061080e+03
1.319581555530346350e+03
1.229470161295071875e+03
1.137962122467798963e+03
1.046667827408436551e+03
9.570066851992157808e+02
8.701180162866039609e+02
7.870856949619050056e+02
7.086677923332026694e+02
6.354136503146303312e+02
5.676470662694538305e+02
5.055425288317296690e+02
4.490941839443796653e+02
3.981855094698498192e+02
3.525795582369314047e+02
3.119739662476851549e+02
2.760001471089195206e+02
2.443010192806897578e+02
2.164665394998105796e+02
1.921162622266156177e+02
1.708801637127951665e+02
1.524022262606310107e+02
1.363564462830639741e+02
1.224410051831736723e+02
1.103892327632119361e+02
9.996093259054740088e+01
9.094410492221312836e+01
8.314914821120117949e+01
7.641360170419245890e+01
7.059344519287692776e+01
1.136852854052439852e+03
1.217823481965647943e+03
1.298484127148232119e+03
1.377644926273257397e+03
1.453979941072626161e+03
1.525875210185501146e+03
1.591949843895514732e+03
1.650567447668009891e+03
1.700304020896749535e+03
1.739889422266391421e+03
1.768095783565744114e+03
1.783932828052833429e+03
1.786872781320308150e+03
1.776644364277798331e+03
1.753257626128392303e+03
1.717109588514321104e+03
1.668940380335957343e+03
1.609933741160643194e+03
1.541349697153389798e+03
1.464772636505031187e+03
1.381919889568786402e+03
1.294564522784984092e+03
1.204407046827701379e+03
1.113176028995426577e+03
1.022451038804163318e+03
9.336152669910370605e+02
8.477682402395572581e+02
7.659433217036631731e+02
6.888553622940605692e+02
6.170063368968874329e+02
5.506811459931212767e+02
4.900164022338323662e+02
4.349771674532859720e+02
3.854230994353642359e+02
3.410986400318817005e+02
3.016895678821302909e+02
2.668201696320453493e+02
2.361298145617877537e+02
2.092087184108268900e+02
1.856791060487968537e+02
1.651752396266705887e+02
1.473471394363976117e+02
1.318751699934332180e+02
1.184647153340381465e+02
1.068557208543796122e+02
9.681466068592966678e+01
8.813570757057657090e+01
8.063536178013033862e+01
7.415613805230495359e+01
6.855893636981271300e+01
1.131769411362383380e+03
1.212706527130720588e+03
1.293199808392160321e+03
1.372025294593838908e+03
1.447832456352482495e+03
1.518983494855491472e+03
1.584080830281134695e+03
1.641486281913738821e+03
1.689779181300842311e+03
1.727709818558222878e+03
1.754083688560278006e+03
1.767957609405817493e+03
1.768856036531398786e+03
1.756573362907711953e+03
1.731190688279241385e+03
1.693173507388880580e+03
1.643328103535837954e+03
1.582902368310585416e+03
1.513202328893137974e+03
1.435848171699886734e+03
1.352575883482086056e+03
1.265164159814478580e+03
1.175302869511432618e+03
1.084698141117128444e+03
9.948903792027629152e+02
9.072196794120097820e+02
8.227398267211177654e+02
7.424289581116439649e+02
6.669552346393759308e+02
5.967714708030598558e+02
5.321226496703899329e+02
4.731076337568108556e+02
4.196631761567069248e+02
3.716263058300745570e+02
3.287247164265051538e+02
2.906342264259585590e+02
2.569740480029517471e+02
2.273819499779471585e+02
2.014503934434305279e+02
1.788060566350090710e+02
1.590890810143002909e+02
1.419570193742819697e+02
1.270978555531050489e+02
1.142252905222210018e+02
1.030868443050383547e+02
9.345647159202567877e+01
8.513518294740335079e+01
7.794615920258839026e+01
7.173738051276922079e+01
6.637506625098802715e+01
1.124561115911374145e+03
1.205166166201461692e+03
1.285180566571005784e+03
1.363350440370362776e+03
1.438305833052620983e+03
1.508391583228139780e+03
1.572200141443739767e+03
1.628099455217605282e+03
1.674680012964557591e+03
1.710720209434986145e+03
1.735066592450244798e+03
1.746829892813385641e+03
1.745591929258515393e+03
1.731216201696881853e+03
1.703856755696246182e+03
1.664047353027738382e+03
1.612658163486885087e+03
1.550996106356221389e+03
1.480407473415779805e+03
1.402540722711400804e+03
1.319141809925680036e+03
1.231986047852681168e+03
1.142744189630360779e+03
1.053091239901876634e+03
9.645208645200705178e+02
8.783239762499947574e+02
7.955035105238101778e+02
7.169786193312872911e+02
6.433681116707631418e+02
5.750746305653665331e+02
5.123028654500290031e+02
4.551146164242518921e+02
4.034195054339733701e+02
3.570334272030598299e+02
3.156693708694381826e+02
2.789951700483005652e+02
2.466270110562424804e+02
2.182029528717968105e+02
1.933195730607368148e+02
1.716096423270673768e+02
1.527206181065634780e+02
1.363188988194253000e+02
1.221011709869911215e+02
1.097903915824457073e+02
9.914245665339414870e+01
8.993946432415232550e+01
8.198979641444500999e+01
7.512376836046036033e+01
6.919521199675425294e+01
6.407596925923763820e+01
1.115417729468757898e+03
1.195406225016766484e+03
1.274645729414869493e+03
1.351856933960992592e+03
1.425655841560532735e+03
1.494376585465480730e+03
1.556608474632994103e+03
1.610733421135770186e+03
1.655360745602571342e+03
1.689304245315186108e+03
1.711458662715240052e+03
1.720994676460174105e+03
1.717555800056618182e+03
1.701077087129615848e+03
1.671786340970361152e+03
1.630284383855810802e+03
1.577502045131381237e+03
1.514799335788527742e+03
1.443556489099198870e+03
1.365442340513278396e+03
1.282204084137608788e+03
1.195604815469150026e+03
1.107288113801233976e+03
1.018889820156741166e+03
9.318501671659321346e+02
8.474056720171290635e+02
7.665042466768135228e+02
6.900033071647856104e+02
6.184705067408294781e+02
5.522581085160982184e+02
4.915307881908095737e+02
4.363145236927006181e+02
3.864933731837854225e+02
3.418638777133917870e+02
3.021265191701884305e+02
2.669431780873041475e+02
2.359290403720004292e+02
2.087242669304547746e+02
1.849312942086728526e+02
1.641904682366055397e+02
1.461578351883395612e+02
1.305097669701591485e+02
1.169525663391749077e+02
1.052192114361867681e+02
9.507462026879960604e+01
8.630955324064602507e+01
7.874016985173670946e+01
7.220425457967316163e+01
6.656177847840551465e+01
6.169041795838442255e+01
1.104707976088124269e+03
1.183819609438608950e+03
1.262013105854150353e+03
1.337988258648631927e+03
1.410352366728354127e+03
1.477435410708525751e+03
1.537830263700226624e+03
1.589940327694799862e+03
1.632401102578225391e+03
1.664068603115133556e+03
1.683892286126627596e+03
1.691108058674878748e+03
1.685424752591599599e+03
1.666850630559127467e+03
1.635687236797127298e+03
1.592600567274384503e+03
1.538578292819847320e+03
1.475027205956195530e+03
1.403354968493010801e+03
1.325242949775491752e+03
1.242431186413163687e+03
1.156662237621968870e+03
1.069545123420783057e+03
9.826693373324324057e+02
8.974159793695133658e+02
8.149628878469299025e+02
7.361997004694302404e+02
6.619202854125277327e+02
5.926400957400355765e+02
5.286614636268570848e+02
4.701098386688373694e+02
4.169770050076003827e+02
3.691232574141382088e+02
3.263277050482409436e+02
2.882805370041132278e+02
2.546396532538760766e+02
2.250211431557992512e+02
1.990689235910186028e+02
1.763928383521684395e+02
1.566420870384429236e+02
1.394823772452775188e+02
1.246009706320117942e+02
1.117145131398338123e+02
1.005665853333284616e+02
9.093161166510725479e+01
8.260938756649443349e+01
7.542413027482044185e+01
6.922131110159232037e+01
6.386723134821322390e+01
5.924552747228255356e+01
1.092727409301028274e+03
1.170730388858564993e+03
1.247637150808871638e+03
1.322131141706915514e+03
1.392816197852176629e+03
1.458024493090238821e+03
1.516358890636010528e+03
1.566251306772127464e+03
1.606370211946989230e+03
1.635619908667368691e+03
1.653010195753003472e+03
1.657846457854786422e+03
1.649905494927479140e+03
1.629269411337796100e+03
1.596312458835463303e+03
1.551763088710751617e+03
1.496661318726646869e+03
1.432454029620878146e+03
1.360569637290629998e+03
1.282694332785724555e+03
1.200553061899561499e+03
1.115860204336219567e+03
1.030183677660530975e+03
9.450604842201139490e+02
8.618080590081250421e+02
7.815423615784349067e+02
7.050925727462778241e+02
6.331882489531253668e+02
5.662924619617473354e+02
5.046587793712174630e+02
4.483747707527605826e+02
3.974000688956617751e+02
3.515732563092397527e+02
3.106580779266984678e+02
2.743366531161923376e+02
2.422648061853870445e+02
2.140612956104192790e+02
1.893752779970250231e+02
1.678253386891823880e+02
1.490705888469595095e+02
1.327872536717742662e+02
1.186741749077747272e+02
1.064588675397615418e+02
9.589589966016143308e+01
8.676951360344259001e+01
7.888875617608252355e+01
7.208604669406985010e+01
6.621463640968163133e+01
6.114724364153103409e+01
5.677349739912835958e+01
1.079807421344744853e+03
1.156494599715496634e+03
1.231899232084979531e+03
1.304692901389789085e+03
1.373481062752368643e+03
1.436604192016648312e+03
1.492681305475302452e+03
1.540179428412399375e+03
1.577806343349041981e+03
1.604520153969816192e+03
1.619395969120158497e+03
1.621812158628411908e+03
1.611615491443943938e+03
1.588961883305397350e+03
1.554296630445589699e+03
1.508407464885510080e+03
1.452381941007176920e+03
1.387700269765128951e+03
1.315805041185779373e+03
1.238379879977764858e+03
1.157127275528075643e+03
1.073726485728683429e+03
9.896985635306925815e+02
9.065227868564388700e+02
8.254493468610309037e+02
7.475299642887007394e+02
6.735319772671823557e+02
6.041206006327648765e+02
5.397069171750030137e+02
4.804973297921368385e+02
4.265431818407371907e+02
3.777741811648035082e+02
3.340093169657142198e+02
2.949990339543011260e+02
2.604195023871019430e+02
2.299262328251749068e+02
2.031422393330888667e+02
1.797232065511350925e+02
1.592975878217449974e+02
1.415352594805108595e+02
1.261236320918879841e+02
1.127736301375536385e+02
1.012240035647039775e+02
9.124054238960513885e+01
8.261748845030945176e+01
7.517324225616901856e+01
6.874847473184202329e+01
6.320422401585578598e+01
5.841964224721751009e+01
5.429032258402225608e+01
1.066259570998731533e+03
1.141457620300490589e+03
1.215180580689536328e+03
1.286092473507424302e+03
1.352805144334552779e+03
1.413673016539362379e+03
1.467336881939714203e+03
1.512304719657034411e+03
1.547329157969241805e+03
1.571426679445698937e+03
1.583741629827564111e+03
1.583727775073436760e+03
1.571302879507136367e+03
1.546695725982432577e+03
1.510420169204676313e+03
1.463319475185021020e+03
1.406523578234497108e+03
1.341539270206988476e+03
1.269816949858853150e+03
1.193030801041214545e+03
1.112854298325778473e+03
1.030925602661057610e+03
9.487141975794212385e+02
8.676375947002393332e+02
7.888763731402880239e+02
7.134167260914592816e+02
6.419637587927791174e+02
5.751192182554636929e+02
5.132433003972413417e+02
4.564973663021451102e+02
4.048985646412990036e+02
3.583491269033426079e+02
3.166506524982847282e+02
2.795423510607757294e+02
2.466964458466303540e+02
2.177697319182045987e+02
1.923908539224672438e+02
1.702230905871793993e+02
1.509056416610912095e+02
1.341197644443893466e+02
1.195644999465624494e+02
1.069631371251885241e+02
9.606583491141181241e+01
8.664966042179787564e+01
7.851887992568407526e+01
7.150121219823002150e+01
6.544551196217373956e+01
6.022050558930381925e+01
5.571170786724105994e+01
5.182057107104671445e+01
1.052461432553616532e+03
1.126029281938999247e+03
1.197924129177226177e+03
1.266806449178068988e+03
1.331298862116253304e+03
1.389774874928996724e+03
1.440902151655336638e+03
1.483234771826150109e+03
1.515575049310269833e+03
1.537001675009024211e+03
1.546731348016391848e+03
1.544294834322047564e+03
1.529681263363620928e+03
1.503190781819904259e+03
1.465402864386697047e+03
1.417212337554704391e+03
1.359786339243881002e+03
1.294651794090440035e+03
1.223260964549585424e+03
1.147272385215189615e+03
1.068324825105084074e+03
9.880103393651921806e+02
9.077431084545744397e+02
8.288758902071655257e+02
7.525182861340606451e+02
6.795905220914800111e+02
6.107358344808739048e+02
5.464940109981700971e+02
4.871759376124804817e+02
4.329003529164760948e+02
3.836524232907522105e+02
3.393094048681186337e+02
2.996576673705619669e+02
2.644271472805884287e+02
2.332879350657932775e+02
2.058995018268373656e+02
1.818972669161207421e+02
1.609529425851754638e+02
1.427171191651943332e+02
1.268828341127177310e+02
1.131610087422742339e+02
1.012873913252802112e+02
9.102356590994293128e+01
8.215778810465926085e+01
7.450425020307643820e+01
6.789984719531217650e+01
6.220146169873547848e+01
5.728533148978909395e+01
5.304319781350088903e+01
4.938221239818043529e+01
1.038725267685819290e+03
1.110553752047798525e+03
1.180507220522282751e+03
1.247246291001041072e+03
1.309408317809102982e+03
1.365390453076315225e+03
1.413891719814701901e+03
1.453516683238019141e+03
1.483121395204337432e+03
1.501849759291020973e+03
1.508993074722420033e+03
1.504159868783053753e+03
1.487410323561091673e+03
1.459113887569108329e+03
1.419912300953854810e+03
1.370747797518871039e+03
1.312819583011629902e+03
1.247668637133378297e+03
1.176743634025401434e+03
1.101681977330596965e+03
1.024082952689432204e+03
9.454884953955420315e+02
8.672547303554324571e+02
7.906677165429628076e+02
7.167656786984019845e+02
6.464032414421769772e+02
5.801628372034593895e+02
5.185243748635623433e+02
4.617514248563511501e+02
4.099227604917891767e+02
3.629939147025724537e+02
3.208196785732729950e+02
2.831732797531481083e+02
2.497772201738659419e+02
2.203010721158065905e+02
1.944081654931908361e+02
1.717416110505428435e+02
1.519821757856000772e+02
1.347922618255563521e+02
1.198768839289287484e+02
1.069589126912390782e+02
9.578648040567169630e+01
8.613246851987828734e+01
7.779610407743317069e+01
7.060129659266991098e+01
6.439388080836428685e+01
5.903853375282894689e+01
5.441875915801616514e+01
5.043233179705426039e+01
4.699189557517723870e+01
1.025319353492863229e+03
1.095328959249641457e+03
1.163258713092164271e+03
1.227772712695809787e+03
1.287526549297321480e+03
1.340944982615261779e+03
1.386762239046672903e+03
1.423636969896277378e+03
1.450482219828947109e+03
1.466509291401101336e+03
1.471085491780361508e+03
1.463897087160443562e+03
1.445074382436934229e+03
1.415053609267003367e+03
1.374535117075676453e+03
1.324504328596731284e+03
1.266187547152998832e+03
1.201134209701489226e+03
1.130784528694560095e+03
1.056750085933737637e+03
9.805868449574878696e+02
9.037835929052006350e+02
8.276365994161200206e+02
7.533642531227368409e+02
6.819338646964321242e+02
6.141355287121944002e+02
5.504925262997921891e+02
4.914274092196558854e+02
4.371587350626192574e+02
3.877281005422327667e+02
3.430638030078299039e+02
3.030006127167650902e+02
2.673005742697779397e+02
2.356804295049261668e+02
2.078106223919149897e+02
1.833593040721705734e+02
1.619779652753415746e+02
1.433568370161393943e+02
1.271703456402430135e+02
1.131354964654405251e+02
1.009870167934134599e+02
9.048519984945095018e+01
8.141397455660893456e+01
7.358321578673304941e+01
6.682625096938124898e+01
6.099754254963687572e+01
5.596926767226629806e+01
5.163189816965783763e+01
4.788900610782198441e+01
4.465848533378503760e+01
1.012524580164703366e+03
1.080663212908064907e+03
1.146515104152352706e+03
1.208750804086725338e+03
1.266047205941873472e+03
1.316860069424102676e+03
1.359962085268849705e+03
1.394068899669321581e+03
1.418153111114170542e+03
1.431494923889892561e+03
1.433538373467694100e+03
1.424046825218368667e+03
1.403219315091438375e+03
1.371556035085355234e+03
1.329812134343916568e+03
1.279012051483485038e+03
1.220404462744250395e+03
1.155542186614720777e+03
1.085852681437403362e+03
1.012917770687236043e+03
9.382471138460049360e+02
8.632742096312505282e+02
7.892344929063292511e+02
7.172785452679702303e+02
6.483039380497925777e+02
5.830378743919815179e+02
5.219465940779349467e+02
4.653981392954894432e+02
4.135685756241655326e+02
3.664651733710902590e+02
3.239913909485031809e+02
2.859643272162726362e+02
2.521366659296071759e+02
2.222208995065493013e+02
1.958895256692488260e+02
1.728162817666809872e+02
1.526615262166039599e+02
1.351251830809988519e+02
1.198937374997172753e+02
1.066960449864699569e+02
9.527846371760236366e+01
8.541310409278520410e+01
7.689459258978052958e+01
6.954304260294681228e+01
6.320082706321722554e+01
5.773066316167432177e+01
5.301188487092706936e+01
4.894159207278737256e+01
4.542888220210324590e+01
4.239662837566336862e+01
1.000599997718674558e+03
1.066842741046691572e+03
1.130590646896633643e+03
1.190523269167631497e+03
1.245341366094565274e+03
1.293534451101059858e+03
1.333916282173566060e+03
1.365261650636769900e+03
1.386604514378419481e+03
1.397294764429575707e+03
1.396853183755669079e+03
1.385118999127678990e+03
1.362358166837858789e+03
1.329131791732940201e+03
1.286245956645739852e+03
1.234760107874909636e+03
1.175940940424377914e+03
1.111340231971963931e+03
1.042369082897305134e+03
9.705764751273538877e+02
8.974237042593272236e+02
8.242877654141669836e+02
7.523431142517649732e+02
6.826732036694074850e+02
6.161077009939443769e+02
5.533130669679985658e+02
4.947009939289215481e+02
4.405881009088414544e+02
3.911106170393044863e+02
3.462443191068536521e+02
3.058701528405500767e+02
2.697897359309994272e+02
2.377480261691639498e+02
2.094545724733794145e+02
1.845848713690533884e+02
1.628187946393094307e+02
1.438258442572997353e+02
1.273156804259996306e+02
1.129867050261947270e+02
1.005793348192731571e+02
8.985120638160510964e+01
8.058579311625112496e+01
7.258797943860447788e+01
6.568763367975215317e+01
5.973573981467813354e+01
5.460284652105520564e+01
5.017506247666755570e+01
4.635574313899181220e+01
4.305921264638592305e+01
4.021303246477684468e+01
9.897198790678578462e+02
1.054061902639996561e+03
1.115700449697517797e+03
1.173326284992930368e+03
1.225666187764533561e+03
1.271245663663031792e+03
1.308921601136114077e+03
1.337529490894227592e+03
1.356165856935600914e+03
1.364250500339055407e+03
1.361380445378278182e+03
1.347469108873369350e+03
1.322847268110197547e+03
1.288133769879266765e+03
1.244181801563099270e+03
1.192082001635759980e+03
1.133115095981413560e+03
1.068827975714027161e+03
1.000612375755554581e+03
9.299820546963726429e+02
8.583486260947177016e+02
7.870320848533532399e+02
7.171463933512362701e+02
6.497091488453419288e+02
5.854844007657558222e+02
5.250803473309272249e+02
4.688568539283696168e+02
4.170823047591241561e+02
3.698557861156974127e+02
3.271243286729140323e+02
2.887485820054788519e+02
2.545167003299078203e+02
2.241673696640818036e+02
1.974083182348017829e+02
1.739187866613721098e+02
1.533851560377381986e+02
1.354861844923300680e+02
1.199411742864866710e+02
1.064601756151724032e+02
9.479477631142275129e+01
8.471345512336414174e+01
7.601052496023736182e+01
6.850063420573964379e+01
6.202288061395039875e+01
5.643639000098061587e+01
5.161909333693930080e+01
4.746347293992230476e+01
4.387875310043790478e+01
4.078417349430962702e+01
3.811168551551762107e+01
9.800935287853538966e+02
1.042554945771116763e+03
1.102104374432078885e+03
1.157445508891636791e+03
1.207332754574356613e+03
1.250329171145599503e+03
1.285336160343396841e+03
1.311250737186110428e+03
1.327232485440538994e+03
1.332770717583820215e+03
1.327537628701573567e+03
1.311518730881582314e+03
1.285107285674526565e+03
1.248976688374092191e+03
1.204023552898953767e+03
1.151366234357406711e+03
1.092296019873751220e+03
1.028351812254738661e+03
9.609037054855347151e+02
8.914286956845618306e+02
8.212882322975258376e+02
7.517456185524064267e+02
6.838554881544536102e+02
6.185714828157182410e+02
5.565947713020011633e+02
4.984780936579294917e+02
4.445324080513220792e+02
3.949811240764381068e+02
3.498888809671993272e+02
3.091765908576053334e+02
2.726866787448455511e+02
2.401956500706367024e+02
2.114371674842350330e+02
1.861180547145542619e+02
1.639218251441955658e+02
1.445415561820982191e+02
1.276652001401295138e+02
1.130214622560593796e+02
1.003316388830811121e+02
8.935799252230511058e+01
7.987931977293288810e+01
7.170017768058063723e+01
6.464442669304877143e+01
5.855982443869793030e+01
5.331313294977454831e+01
4.878918824091464046e+01
4.488642449624222053e+01
4.151953202259848297e+01
3.861234091569891547e+01
3.610088486068916325e+01
9.718761439540604670e+02
1.032489490250283552e+03
1.089982409990444921e+03
1.143072976608066938e+03
1.190544535687990901e+03
1.230998895780417570e+03
1.263382997402103456e+03
1.286655820772112747e+03
1.300040135699246321e+03
1.303094054687391917e+03
1.295563603153166468e+03
1.277504117951671788e+03
1.249368937689239601e+03
1.211882880823931600e+03
1.165982493942968176e+03
1.112810662152023724e+03
1.053666159708886198e+03
9.900773348859780754e+02
9.233908678411122537e+02
8.550460042465714423e+02
7.863540862629776029e+02
7.185225218337689057e+02
6.525481748729760056e+02
5.893229712407752459e+02
5.294881423866569321e+02
4.735438932153595033e+02
4.217552365906971659e+02
3.743038092272373660e+02
3.312224158716717284e+02
2.924083140833676566e+02
2.576876135509986625e+02
2.268267902614216496e+02
1.995555539493173285e+02
1.755805715059134968e+02
1.545899929314579708e+02
1.362836460819831359e+02
1.203584981340362106e+02
1.065523269885565725e+02
9.459719479223339533e+01
8.426548545443036176e+01
7.534574591847072611e+01
6.765215152107640506e+01
6.101720157591534388e+01
5.529673219989290800e+01
5.036462732063936443e+01
4.611214721085634238e+01
4.244325603324801222e+01
3.927770966413477538e+01
3.654360494383181646e+01
3.418075458849539672e+01
9.651225860126586440e+02
1.023933952997366305e+03
1.079417419331718747e+03
1.130306575914903078e+03
1.175414653523598190e+03
1.213382949410177616e+03
1.243204464749106137e+03
1.263900071016706534e+03
1.274755319880150637e+03
1.275395943447241507e+03
1.265640052892821586e+03
1.245610233522500721e+03
1.215817317716927391e+03
1.177034412635127637e+03
1.130234639283589786e+03
1.076582485341283245e+03
1.017381530208161166e+03
9.541475399584850265e+02
8.882025329500761472e+02
8.209475992530934718e+02
7.536445845920709417e+02
6.874463175106052404e+02
6.232938659201573728e+02
5.620200385921126554e+02
5.042092915845895504e+02
4.503123575534797283e+02
4.005513136506920659e+02
3.550691829801814947e+02
3.138694769887943039e+02
2.768281116886266773e+02
2.437566437265866739e+02
2.144129597465700101e+02
1.885237244159426666e+02
1.657960417603713950e+02
1.459229145419260192e+02
1.286108564486685566e+02
1.135655663290477548e+02
1.005334858681286505e+02
8.925689475265856743e+01
7.951769793138061004e+01
7.111358935446088481e+01
6.386771334750927309e+01
5.762061833444603565e+01
5.223562998559761894e+01
4.759323447507075144e+01
4.359063439604000223e+01
4.013690346890787453e+01
3.715646629027765613e+01
3.458136492490343272e+01
3.235489239509707460e+01
9.600034626007011411e+02
1.017072439775447378e+03
1.070606559763218229e+03
1.119355688300873453e+03
1.162163500144237787e+03
1.197711070935153884e+03
1.225037581335856657e+03
1.243225326417091537e+03
1.251621896634330142e+03
1.249919231486697527e+03
1.238005633682579855e+03
1.216068347788243727e+03
1.184673230496448014e+03
1.144638813853288866e+03
1.096971821349755373e+03
1.042855893633920459e+03
9.835972885995007573e+02
9.206978164041772743e+02
8.554541630378731725e+02
7.892294440733230658e+02
7.232371332704600491e+02
6.585772281615003294e+02
5.961372838514873820e+02
5.366938201093082625e+02
4.807777601327284742e+02
4.287934322247817818e+02
3.809229101151868235e+02
3.372736027862271726e+02
2.978220963278449744e+02
2.624250486572939849e+02
2.308810097963220187e+02
2.029404895880459492e+02
1.783278161248222204e+02
1.567509455969311603e+02
1.379077883071623774e+02
1.215113527946249832e+02
1.072756815075874073e+02
9.495539393729524136e+01
8.430237717773765382e+01
7.510741614422259715e+01
6.717671999939804550e+01
6.034173746716621167e+01
5.445046735363994372e+01
4.937313590509194938e+01
4.499631346537160681e+01
4.122266840556128642e+01
3.796597043698268692e+01
3.515492494593657824e+01
3.272520438455379832e+01
3.062329206372288581e+01
9.564894180269528761e+02
1.011881203976696725e+03
1.063532572321547832e+03
1.110210243555354054e+03
1.150788669238600278e+03
1.183988712347850651e+03
1.208895507082720542e+03
1.224651968371332032e+03
1.230666612927671849e+03
1.226695854698209814e+03
1.212696026928382935e+03
1.188916244893470093e+03
1.155974805447632889e+03
1.114732810646349890e+03
1.066227730469458720e+03
1.011660102450037016e+03
9.523370150115787283e+02
8.897453183817860918e+02
8.251560437562498009e+02
7.598948815256578655e+02
6.951283954909541762e+02
6.319057948849881541e+02
5.710636231495770971e+02
5.133251050289402428e+02
4.591709344930831094e+02
4.089621201320144337e+02
3.628436243657608316e+02
3.208901364867060124e+02
2.830535823550524128e+02
2.491732958782024241e+02
2.190362346641546765e+02
1.923866006999454896e+02
1.689469751743258996e+02
1.484264763563302552e+02
1.305278844713468800e+02
1.149704462995763379e+02
1.014761072175470247e+02
8.980714612078622849e+01
7.972442355545615555e+01
7.102695410427514844e+01
6.352882716231400906e+01
5.706913702984744674e+01
5.150274153704998525e+01
4.670619178353661738e+01
4.257163603856908907e+01
3.900674524947550736e+01
3.592958459339050847e+01
3.327276595666574366e+01
3.097528756108793857e+01
2.898654439677845929e+01
9.546394468226889103e+02
1.008428076991145986e+03
1.058272292378349221e+03
1.102955959301600615e+03
1.141384321917392754e+03
1.172317673541611384e+03
1.194886507537850321e+03
1.208293204681813222e+03
1.212005769446847808e+03
1.205843113726311230e+03
1.189827275354256926e+03
1.164266402191002044e+03
1.129828695032488667e+03
1.087415159081174124e+03
1.038091448100664365e+03
9.830731073850756729e+02
9.236666418275370916e+02
8.613434459756836077e+02
7.973490202406790104e+02
7.329726308972577726e+02
6.693357680230967617e+02
6.074392092240966576e+02
5.480712011357240954e+02
4.919048078202430361e+02
4.393738164882748833e+02
3.907989725635781610e+02
3.462909239942318322e+02
3.058943793422780573e+02
2.695387116366594569e+02
2.370476706771879662e+02
2.081978603413558062e+02
1.827280635274119049e+02
1.603595542960769365e+02
1.408027898288063682e+02
1.237652704004821231e+02
1.089721399902678911e+02
9.615274020669731669e+01
8.507644668243403885e+01
7.551242715306861442e+01
6.726725924148628621e+01
6.016226870741634514e+01
5.404353848316362274e+01
4.877219792997073711e+01
4.423055792083435023e+01
4.031584858837332064e+01
3.694029231919270018e+01
3.402586084201099226e+01
3.150871140520144209e+01
2.933087310614475385e+01
2.744438486349159234e+01
9.543905138632644594e+02
1.006647482521082566e+03
1.054757885194388564e+03
1.097522977336731174e+03
1.133878750035250050e+03
1.162624498600593824e+03
1.182935366761811792e+03
1.194071964004222536e+03
1.195560239168718908e+03
1.187279553250534946e+03
1.169315297543990710e+03
1.142031822691710431e+03
1.106144740443101682e+03
1.062592399079973575e+03
1.012466229707245247e+03
9.569950703722523713e+02
8.974836221886012027e+02
8.353875357226463620e+02
7.719270726814696673e+02
7.083562195250411833e+02
6.457533228038338393e+02
5.850731303880012319e+02
5.270582932016977793e+02
4.723347926567406603e+02
4.212927065248941858e+02
3.742154372866656331e+02
3.311819598813946754e+02
2.922095537081877410e+02
2.572069879511657291e+02
2.259840024038101944e+02
1.983079537480391537e+02
1.739129723887527064e+02
1.525193778027224312e+02
1.338390766284327640e+02
1.175840946005306336e+02
1.034851122639091869e+02
9.127835546915751763e+01
8.073974303398436803e+01
7.164610213158344720e+01
6.381093352909140037e+01
5.706218438683334426e+01
5.125230368534203507e+01
4.624813707186750378e+01
4.193722409214930735e+01
3.822141085469662158e+01
3.501704877374489655e+01
3.224965300072457097e+01
2.985858948026659121e+01
2.778864301977256090e+01
2.599424754006074778e+01
9.557393630474070960e+02
1.006540799916681749e+03
1.052995664719348952e+03
1.093922637929395250e+03
1.128288174789109917e+03
1.154929882141398593e+03
1.173066566352319114e+03
1.182015577965922375e+03
1.181359029013103282e+03
1.171034511762093189e+03
1.151188323093567078e+03
1.122238174343322271e+03
1.084944657208381386e+03
1.040281067164418573e+03
9.893624504858868249e+02
9.334295131470291835e+02
8.737842571118241040e+02
8.118666671379578474e+02
7.488723681344176839e+02
6.860215077502833765e+02
6.243514448419285827e+02
5.647734719345926351e+02
5.079874417791880319e+02
4.545753647116176239e+02
4.048867545646269832e+02
3.591705139542137886e+02
3.174764656873838931e+02
2.797968529468301995e+02
2.460216449065355278e+02
2.159479819036909305e+02
1.893349405104789582e+02
1.659126311076172442e+02
1.454006658117784809e+02
1.275124231340178795e+02
1.119641921470202846e+02
9.849178382937097354e+01
8.683776563305127638e+01
7.678403151760997503e+01
6.811441422112869759e+01
6.064870261159183684e+01
5.422085862358081698e+01
4.868909039637894409e+01
4.392541935508467787e+01
3.982210154845204642e+01
3.628514982123817845e+01
3.323463918365405334e+01
3.059928005634266412e+01
2.832132604000361908e+01
2.634805394786485522e+01
2.463605589345464608e+01
9.585006386130439751e+02
1.007921580903534050e+03
1.052799718584500624e+03
1.091971134600236610e+03
1.124432327868330958e+03
1.149058363942868482e+03
1.165110453297160802e+03
1.171960929394543200e+03
1.169245971007213029e+03
1.156958876416656494e+03
1.135304141451932765e+03
1.104749783208759936e+03
1.066098767598880841e+03
1.020356865668273485e+03
9.686605781566105406e+02
9.122611122788338207e+02
8.524569886882567289e+02
7.906727617389273064e+02
7.280801814482010741e+02
6.658671577542271507e+02
6.050323518433154959e+02
5.464462810199231626e+02
4.907688620643874060e+02
4.385412721779936760e+02
3.900755714046912885e+02
3.455889616778030131e+02
3.051045627124355519e+02
2.685918723709232268e+02
2.359237745133625310e+02
2.068861221927532199e+02
1.812305986912151923e+02
1.586838506388414771e+02
1.389649775338601216e+02
1.217888106154887708e+02
1.068756153369004949e+02
9.396591858834023014e+01
8.280808760293386683e+01
7.318943475222887685e+01
6.490016209779827250e+01
5.776573486932734625e+01
5.162554718572089740e+01
4.634298815292389406e+01
4.179474027391295010e+01
3.787729168125138557e+01
3.450039685658690303e+01
3.158747221857757381e+01
2.907009546713084092e+01
2.689310674532611145e+01
2.500602661679706173e+01
2.336738358708826979e+01
9.626241433130543328e+02
1.010735732964247177e+03
1.054112010174120769e+03
1.091606409848212706e+03
1.122245017990176393e+03
1.144939490537608208e+03
1.158992144732725819e+03
1.163828539055313968e+03
1.159136827640550791e+03
1.144963525068955278e+03
1.121568700063350889e+03
1.089467732651697133e+03
1.049503488368995932e+03
1.002711901931530065e+03
9.502489561695543898e+02
8.933751673481474427e+02
8.333849559129401996e+02
7.716878205780988083e+02
7.094324914574297054e+02
6.477762905442972396e+02
5.876814619910579722e+02
5.299803727116509435e+02
4.752957678217523494e+02
4.241309893945635849e+02
3.767635769638098964e+02
3.333816542202159212e+02
2.939839099098676911e+02
2.585191985961419050e+02
2.268448791127099184e+02
1.987366862129241554e+02
1.739396877163853219e+02
1.521775312506076432e+02
1.331689394412464083e+02
1.166301376335478892e+02
1.022850634895339823e+02
8.987854601466389681e+01
7.916422399508803665e+01
6.993429407441190904e+01
6.198472120452392886e+01
5.514606957414422084e+01
4.926261683219575360e+01
4.420239234017406460e+01
3.984625833394780869e+01
3.609448466325420668e+01
3.286017194364539762e+01
3.006972340959632461e+01
2.765727983523313682e+01
2.556998950658582359e+01
2.375938630743545943e+01
2.218573008234405108e+01
/
